0.9784520156512796
0.5546212134672124
0.3340778171573473
0.9401414955266117
0.582307255215251
0.7310501647309007
0.7725425175508364
0.5312593339325737
0.16075624220913742
0.17397872660179325
0.27838284981509753
0.5442754336779645
0.3367691225243067
0.17759006331236327
0.02907394261759222
0.5492530680913196
0.9054549165814657
0.8207324982557811
0.8876506615569854
0.5948385759024603
0.8633712485373424
0.9280399205436658
0.3914462000720055
0.1801718880919373
0.9048419671949037
0.3367541808144279
0.08245366818770516
0.0819238191344277
0.5680228517797427
0.707612095665862
0.4805742820643212
0.18146098881380535
0.8187835304760881
0.6573971750729598
0.5716546492106117
0.03985495238637571
0.9740394704039735
